0.372359
0.359463
0.339747
0.486169
0.414637
0.528825
0.563371
0.395937
0.524034
0.355193
0.510690
0.347199
0.359832
0.450695
0.565204
0.418259
0.391765
0.592470
0.521044
0.452361
0.499744
0.642713
0.559466
0.443658
0.405479
0.322720
0.321564
0.552108
0.467428
0.408555
0.373569
0.469674
0.376198
0.386823
0.422246
0.408456
0.441446
0.467073
0.420784
0.547779
0.372532
0.450334
0.463366
0.406854
0.389711
0.451624
0.464491
0.469843
0.555501
0.671498
0.505000
0.612634
0.400457
0.568693
0.404205
0.668405
0.413990
0.442312
0.554193
0.501482
0.510709
0.442065
0.412144
0.449013
0.454654
0.406294
0.393896
0.367969
0.423297
0.578059
0.424323
0.525455
0.442593
0.362951
0.421766
0.364237
0.483814
0.483532
0.450046
0.299598
0.391353
0.417167
0.413094
0.589958
0.511241
0.470871
0.387115
0.367575
0.451464
0.424501
0.337976
0.506937
0.461171
0.408743
0.466374
0.472954
0.576271
0.387457
0.397591
0.372938
0.435782
0.422816
0.395412
0.415914
0.626134
0.649134
0.413755
0.384271
0.358358
0.466977
0.409131
0.399635
0.405606
0.440081
0.431745
0.345241
0.370237
0.693448
0.629564
0.455927
0.497485
0.563976
0.522087
0.358315
0.390507
0.484485
0.492275
0.389364
0.457833
0.469020
0.476201
0.482337
0.444192
0.684258
0.503012
0.401351
0.440055
0.385084
0.432681
0.420416
0.478582
0.476796
0.551369
0.404989
0.408743
0.571837
0.418310
0.445131
0.493817
0.418115
0.352159
0.412006
0.408336
0.389080
0.621962
0.434787
0.409987
0.344897
0.519292
0.508099
0.404636
0.693177
0.482263
0.574247
0.531918
0.397319
0.453029
0.505172
0.474161
0.469417
0.408732
0.349833
0.408222
0.443355
0.479055
0.473094
0.488889
0.432458
0.413668
0.567390
0.511344
0.593264
0.404792
0.416960
0.515369
0.530913
0.545324
0.391512
0.517209
0.609527
0.400666
0.432741
0.570232
0.421901
0.545635
0.426947
0.433073
0.521703
0.485728
0.468992
0.360903
0.466105
0.526268
0.387791
0.534241
0.440750
0.410263
0.405605
0.373501
0.323615
0.438723
0.443258
0.510482
0.381186
0.712384
0.385363
0.466449
0.503933
0.357029
0.456770
0.383248
0.411394
0.485797
0.454124
0.470281
0.476341
0.423575
0.438002
0.426984
0.360265
0.475983
0.351701
0.353483
0.463050
0.435438
0.449613
0.374148
0.480443
0.542085
0.448680
0.393335
0.615995
0.603994
0.524890
0.693182
0.432161
0.418362
0.373067
0.544207
0.342982
0.392422
0.455480
0.543661
0.537077
0.342766
0.507408
0.387401
0.407396
0.545860
0.515869
0.444076
0.431452
0.576214
0.319418
0.511652
0.481793
0.369365
0.362604
0.438386
0.675572
0.436519
0.582810
0.372856
0.506081
0.380452
0.395926
0.399628
0.399970
0.371192
0.659379
0.452532
0.508943
0.377848
0.420587
0.452028
0.448076
0.514568
0.486273
0.451723
0.583473
0.325269
0.445813
0.341056
0.720034
0.644098
0.582719
0.441105
0.482237
0.826123
0.464749
0.393681
0.506973
0.450609
0.420582
0.602446
0.477154
0.340318
0.341960
0.354986
0.476478
0.430205
0.509594
0.639675
0.487511
0.404455
0.424364
0.407861
0.430766
0.395992
0.364161
0.465421
0.422163
0.395380
0.307258
0.399604
0.402212
0.463613
0.409120
0.361586
0.435233
0.402365
0.374485
0.562761
0.395392
0.385719
0.549098
0.574302
0.436188
0.406214
0.756689
0.406149
0.463757
0.434098
0.422621
0.705396
0.441209
0.458347
0.409526
0.439811
0.334925
0.333619
0.475360
0.417437
0.525387
0.599943
0.440452
0.604887
0.422229
0.376084
0.466689
0.465106
0.512498
0.388341
0.321117
0.356819
0.375942
0.525833
0.385940
0.375192
0.409677
0.319553
0.580102
0.366923
0.849567
0.459567
0.454891
0.359924
0.677486
0.457479
0.549293
0.431823
0.349087
0.419110
0.450906
0.464022
0.426817
0.493088
0.419026
0.506041
0.605293
0.428452
0.688029
0.448532
0.394182
0.598438
0.534372
0.548774
0.432503
0.351005
0.504897
0.422226
0.505591
0.517389
0.371112
0.520599
0.524148
0.435295
0.789800
0.449782
0.405007
0.625586
0.406854
0.338259
0.530145
0.444096
0.639680
0.584918
0.486491
0.377462
0.433640
0.453457
0.430850
0.392762
0.420691
0.422905
0.746988
0.523332
0.435726
0.617544
0.518132
0.422448
0.390251
0.457913
0.421327
0.542033
0.531078
0.471821
0.390589
0.409279
0.666050
0.589941
0.385571
0.610207
0.391871
0.469866
0.403007
0.436512
0.555190
0.586976
0.420421
0.566220
0.491180
0.369975
0.523936
0.391587
0.398504
0.316428
0.444586
0.414898
0.467935
0.527274
0.398732
0.601180
0.465788
0.503743
0.458410
0.419597
0.552656
0.641839
0.555416
0.358950
0.475236
0.567286
0.464209
0.510006
0.524138
0.442124
0.443571
0.594442
0.460779
0.575326
0.434943
0.459380
0.485859
0.454605
0.465246
0.416457
0.513643
0.458035
0.677370
0.389343
0.419125
0.450495
0.540320
0.456489
0.399307
0.396027
0.394628
0.474285
0.455293
0.475447
0.435580
0.471137
0.437205
0.462139
0.452873
0.421472
0.458119
0.376808
0.514055
0.485436
0.390653
0.429504
0.371497
0.585909
0.560857
0.413056
0.395102
0.535955
0.403758
0.364298
0.591603
0.558544
0.424503
0.383180
0.352081
0.347459
0.490986
0.434792
0.318344
0.565487
0.383733
0.546098
0.476102
0.451643
0.431674
0.435888
0.593945
0.361312
0.708827
0.396815
0.492767
0.458036
0.411377
0.516789
0.648758
0.413155
0.432280
0.697326
0.361806
0.305534
0.415908
0.373612
0.466619
0.348489
0.602722
0.490904
0.397584
0.451373
0.463951
0.414201
0.366181
0.382433
0.372100
0.462459
0.395841
0.476886
0.371590
0.597753
0.602863
0.492638
0.494188
0.509461
0.399130
0.392593
0.546364
0.438926
0.611810
0.468762
0.439603
0.389670
0.659214
0.454340
0.430492
0.425053
0.391739
0.526033
0.459765
0.367263
0.535125
0.540258
0.491045
0.517715
0.383631
0.504740
0.602915
0.528140
0.369140
0.411932
0.383095
0.466519
0.603927
0.383812
0.342993
0.410841
0.399066
0.461887
0.466055
0.353019
0.400956
0.327233
0.583599
0.394271
0.420039
0.445146
0.441584
0.377341
0.422547
0.399028
0.335389
0.664841
0.481540
0.533191
0.465925
0.336092
0.469842
0.756424
0.615496
0.410953
0.389839
0.589840
0.376350
0.438729
0.423211
0.341846
0.431219
0.405092
0.347074
0.347690
0.518136
0.408417
0.361394
0.504422
0.447622
0.439008
0.611111
0.433001
0.374332
0.463352
0.401295
0.359236
0.544549
0.395670
0.468672
0.409413
0.476355
0.545741
0.495255
0.363545
0.402013
0.584394
0.353286
0.408999
0.484232
0.515878
0.491658
0.435492
0.441927
0.345728
0.459904
0.558233
0.565781
0.448607
0.300456
0.441285
0.380358
0.342164
0.595298
0.391213
0.387705
0.470505
0.496839
0.415262
0.537058
0.452970
0.439459
0.551780
0.347189
0.382866
0.407564
0.424545
0.500875
0.405938
0.525536
0.461319
0.679911
0.453964
0.351849
0.469975
0.422049
0.463466
0.689254
0.508313
0.557507
0.389578
0.501103
0.480075
0.560214
0.380814
0.391108
0.483320
0.423322
0.393662
0.424196
0.414976
0.455116
0.431726
0.438624
0.369346
0.448571
0.525145
0.338892
0.461419
0.367514
0.367656
0.456284
0.492455
0.427585
0.446258
0.535795
0.465056
0.520790
0.412244
0.451972
0.442232
0.432471
0.408500
0.429654
0.446073
0.554914
0.420996
0.371659
0.453663
0.456532
0.431112
0.494698
0.329709
0.675149
0.415054
0.366454
0.419762
0.337480
0.641271
0.517300
0.511326
0.423478
0.657584
0.420535
0.355270
0.370662
0.518550
0.546326
0.578957
0.464104
0.392153
0.393451
0.409247
0.443957
0.554477
0.488567
0.380798
0.487847
0.597523
0.343972
0.470063
0.462879
0.405868
0.424045
0.321762
0.455218
0.433221
0.455107
0.570227
0.370641
0.587113
0.466246
0.451349
0.588362
0.526760
0.484481
0.462213
0.437844
0.648534
0.385830
0.353742
0.474427
0.544785
0.563795
0.404088
0.407523
0.465643
0.462317
0.368756
0.662215
0.359576
0.510568
0.499384
0.478252
0.384226
0.415499
0.386432
0.401648
0.392119
0.530209
0.420865
0.478184
0.544865
0.579267
0.405900
0.718363
0.631063
0.368637
0.398078
0.505536
0.384788
0.437330
0.440027
0.561518
0.366673
0.499803
0.658402
0.467778
0.420605
0.384002
0.452471
0.423482
0.548323
0.538482
0.605660
0.415018
0.454972
0.563109
0.394183
0.515281
0.391874
0.432204
0.434397
0.537600
0.418384
0.396129
0.371828
0.511479
0.500444
0.353943
0.368357
0.489103
0.584746
0.503895
0.627040
0.420975
0.827111
0.426980
0.468678
0.458509
0.568997
0.410560
0.458627
0.475983
0.598961
0.439350
0.459783
0.457667
0.391208
0.481639
0.380053
0.495947
0.424347
0.489061
0.553513
0.426095
0.381345
0.367430
0.461499
0.417454
0.487974
0.556886
0.749341
0.515532
0.410330
0.402789
0.494672
0.530462
0.387669
0.519108
0.506219
0.382630
0.510052
0.518307
0.683935
0.415725
0.326896
0.771923
0.643171
0.456788
0.479215
0.474629
0.569823
0.447915
0.400101
0.391878
0.506614
0.426435
0.514009
0.582083
0.422891
0.472591
0.492672
0.462415
0.395168
0.488661
0.493501
0.466812
0.494876
0.426304
0.400440
0.420954
0.579847
0.596910
0.460946
0.388391
0.402953
0.554905
0.531394
0.511675
0.377888
0.620750
0.404336
0.389937
0.405422
0.545250
0.493123
0.586638
0.426091
0.401831
0.448588
0.451101
0.438232
0.560532
0.474469
0.359459
0.345492
0.443216
0.470692
0.650876
0.457942
0.562689
0.442780
0.491211
0.624862
0.395474
0.325003
0.469621
0.626648
0.577163
0.476889
0.389998
0.497442
0.406583
0.457572
0.423320
0.568552
0.615695
0.373841
0.596448
0.571997
0.475881
0.369397
0.634655
0.508627
0.356984
0.492569
0.592760
0.589400
0.381289
0.386664
0.566778
0.453839
0.625775
0.398764
0.509132
0.570642
0.502389
0.375382
0.538791
0.341131
0.454842
0.526576
0.621378
0.396230
0.353339
0.540224
0.407344
0.431686
0.543787
0.344163
0.389932
0.536708
0.594322
0.376669
0.425777
0.708150
0.463631
0.485006
0.384809
0.481160
0.432740
0.562246
0.517502
0.516776
0.392267
0.400488
0.574664
0.448054
0.409863
0.377867
0.345135
0.425829
0.363522
0.543586
0.752917
0.639427
0.498414
0.404311
0.356883
0.597898
0.473448
0.594478
0.527016
0.598992
0.446611
0.551368
0.427465
0.492703
0.483915
0.425893
0.544488
0.654427
0.373953
0.422650
0.448972
0.508137
0.726745
0.561948
0.565446
0.558516
0.360985
0.473301
0.496052
0.492391
0.432460
0.383821
0.397378
0.400526
0.353830
0.360514
0.474709
0.560476
0.480419
0.497344
0.397835
0.403950
0.575581
0.434130
0.577431
0.584368
0.409595
0.455962
0.667350
0.413965
0.564996
0.556701
0.400769
0.469164
0.443388
0.633116
0.543118
0.369892
0.400306
0.369914
0.605982
0.643091
0.353749
0.418884
0.382557
0.416773
0.432193
0.429645
0.515205
0.674917
0.443504
0.482891
0.457007
0.399114
0.333285
0.374068
0.463513
0.559004
0.331206
0.460557
0.472481
0.389498
0.330871
0.681062
0.460397
0.462611
0.635155
0.491842
0.437381
0.540291
0.372059
0.577277
0.561068
0.431124
0.626431
0.409408
0.460000
0.376450
0.493964
0.688857
0.369934
0.668023
0.545258
0.448152
0.421138
0.409679
0.549506
0.475958
0.350695
0.460360
0.496077
0.431116
0.454999
0.705382
0.532624
0.613919
0.463095
0.378554
0.488488
0.527253
0.374091
0.459633
0.522181
0.440541
0.437198
0.477554
0.612172
0.482606
0.660475
0.621070
0.446156
0.505105
0.438528
0.506559
0.376959
0.377269
0.396028
0.362086
0.393263
0.370240
0.636396
0.397478
0.403511
0.478997
0.459955
0.431738
0.401392
0.396258
0.615431
0.508682
0.441175
0.451834
0.521689
0.415986
0.526334
0.408229
0.369519
0.453593
0.394937
0.422992
0.436045
0.436332
0.497788
0.509920
0.402012
0.385464
0.460066
0.543022
0.349493
0.481495
0.553804
0.674682
0.454260
0.480332
0.510407
0.400194
0.491289
0.488990
0.524522
0.427347
0.622185
0.612012
0.436546
0.734540
0.460154
0.357416
0.490302
0.439919
0.398666
0.373776
0.431884
0.455440
0.489730
0.650357
0.361175
0.422665
0.314434
0.446638
0.416487
0.410792
0.350768
0.424174
0.379954
0.461253
0.824117
0.381008
0.327828
0.429759
0.563184
0.414360
0.382122
0.353962
0.592254
0.440087
0.402496
0.373995
0.347206
0.647220
0.468421
0.506762
0.355339
0.442690
0.397731
0.417243
0.451257
0.507512
0.403138
0.398083
0.464822
0.535931
0.399212
0.589788
0.735401
0.681608
0.418283
0.351589
0.353517
0.520923
0.572123
0.467345
0.437831
0.495321
0.429041
0.456451
0.394676
0.590657
0.355714
0.361407
0.575137
0.347799
0.722204
0.437545
0.462501
0.523172
0.487583
0.446944
0.459112
0.384078
0.424958
0.407796
0.435608
0.379581
0.485796
0.417330
0.386118
0.401245
0.436341
0.550737
0.539062
0.533502
0.559315
0.561983
0.400978
0.532740
0.497685
0.344246
0.449883
0.420779
0.384363
0.535784
0.467646
0.435734
0.367106
0.426137
0.400670
0.358920
0.697305
0.386644
0.328462
0.459322
0.348676
0.528098
0.332197
0.398483
0.525282
0.501422
0.489169
0.491934
0.441495
0.654363
0.437036
0.401127
0.616546
0.382364
0.613768
0.357046
0.421927
0.587280
0.434265
0.437484
0.514810
0.380148
0.557180
0.459117
0.335496
0.553123
0.456538
0.515275
0.428973
0.483832
0.724252
0.478322
0.530599
0.523693
0.514115
0.377162
0.701444
0.363761
0.518049
0.387745
0.730979
0.385616
0.424594
0.336076
0.562473
0.387713
0.368473
0.478058
0.536643
0.668231
0.381483
0.471155
0.484506
0.659227
0.453749
0.388595
0.317822
0.311690
0.571254
0.550778
0.400660
0.400291
0.429214
0.672994
0.520147
0.408327
0.502180
0.559837
0.366809
0.331077
0.474072
0.453518
0.357686
0.345706
0.438348
0.531167
0.435602
0.531965
0.523661
0.555236
0.506987
0.524159
0.654205
0.434249
0.533422
0.511542
0.487696
0.393273
0.408865
0.375149
0.411571
0.450097
0.432017
0.587713
0.366443
0.489682
0.415255
0.426854
0.523925
0.436016
0.536490
0.361291
0.564013
0.492510
0.390838
0.605584
0.403865
0.432373
0.737328
0.447062
0.387722
0.335366
0.380776
0.360646
0.508237
0.573289
0.502845
0.408990
0.503468
0.487302
0.624729
0.479695
0.399031
0.454908
0.472614
0.346193
0.418882
0.517714
0.335860
0.421169
0.771181
0.399189
0.441578
0.498492
0.447276
0.519946
0.411375
0.530971
0.444470
0.462664
0.385342
0.540259
0.440171
0.788348
0.350626
0.543469
0.401416
0.443286
0.579566
0.367097
0.474424
0.488130
0.421457
0.464526
0.446383
0.351769
0.480525
0.519780
0.477663
0.505274
0.483110
0.425866
0.685868
0.422945
0.534935
0.692317
0.731804
0.540745
0.533533
0.419513
0.397595
0.467135
0.515110
0.687240
0.341111
0.434703
0.451224
0.351249
0.450685
0.462762
0.512500
0.411039
0.356723
0.348381
0.443606
0.711078
0.508367
0.444252
0.622158
0.389751
0.463498
0.600925
0.508937
0.506229
0.480807
0.403314
0.595214
0.359200
0.442502
0.486497
0.669926
0.497960
0.347405
0.523962
0.431396
0.533734
0.606350
0.527348
0.312941
0.469570
0.444222
0.454365
0.891131
0.441739
0.481727
0.375603
0.391400
0.519887
0.494368
0.338107
0.402933
0.462747
0.484306
0.565707
0.569057
0.417162
0.465388
0.407952
0.447315
0.472343
0.365295
0.515511
0.409276
0.801807
0.589054
0.369251
0.364901
0.559772
0.461374
0.418642
0.307172
0.668886
0.421016
0.343763
0.380611
0.468762
0.404152
0.689128
0.426021
0.450831
0.412283
0.693456
0.382724
0.572408
0.347232
0.401398
0.505959
0.439919
0.607124
0.711240
0.457257
0.413609
0.385003
0.415110
0.427797
0.361761
0.435983
0.494865
0.422751
0.416062
0.558777
0.576969
0.518749
0.313568
0.328505
0.402352
0.533160
0.424964
0.393289
0.390459
0.489420
0.448266
0.353335
0.421171
0.348105
0.520204
0.331496
0.586132
0.401650
0.402893
0.480322
0.463610
0.547160
0.499742
0.453292
0.548406
0.453107
0.423359
0.521433
0.372492
0.452463
0.463866
0.451794
0.403147
0.339623
0.537667
0.515338
0.415869
0.343884
0.477416
0.422718
0.387014
0.357292
0.428459
0.451143
0.435456
0.385142
0.422468
0.502385
0.469000
0.377941
0.592789
0.473463
0.431297
0.508809
0.373589
0.521758
0.779562
0.308026
0.486470
0.436069
0.356091
0.405440
0.541060
0.501164
0.428087
0.367494
0.427225
0.457489
0.355652
0.679123
0.425330
0.336816
0.358704
0.593317
0.403931
0.484977
0.305419
0.619641
0.552013
0.451475
0.589131
0.533536
0.424269
0.314114
0.540203
0.538556
0.612688
0.424183
0.479520
0.463991
0.572231
0.431257
0.456966
0.450274
0.505229
0.373231
0.664221
0.330041
0.410160
0.392842
0.506708
0.373075
0.588597
0.672720
0.529885
0.533463
0.438749
0.550641
0.569377
0.462206
0.412398
0.608862
0.403515
0.402971
0.679292
0.481251
0.369162
0.613391
0.379573
0.455552
0.312694
0.437558
0.636751
0.873811
0.514320
0.425443
0.604951
0.409890
0.501197
0.426511
0.441352
0.425261
0.581550
0.383374
0.438259
0.591168
0.671682
0.589235
0.491116
0.405902
0.450595
0.563178
0.354372
0.484129
0.660099
0.419302
0.607188
0.405787
0.415072
0.411545
0.394548
0.538334
0.414133
0.355891
0.426673
0.532996
0.585718
0.811569
0.428579
0.820277
0.406456
0.531722
0.461919
0.388064
0.414039
0.390705
0.440386
0.455359
0.396192
0.409026
0.388146
0.571343
0.758559
0.375980
0.404937
0.437337
0.439567
0.357387
0.405748
0.382014
0.452518
0.647149
0.466755
0.520200
0.383875
0.391371
0.357898
0.407506
0.581699
0.554386
0.475969
0.403916
0.418150
0.621690
0.412121
0.409018
0.439236
0.421734
0.358195
0.478052
0.394120
0.435289
0.529460
0.591098
0.369795
0.497282
0.378377
0.411879
0.521382
0.682753
0.474591
0.412516
0.653486
0.577746
0.344739
0.371236
0.676028
0.355978
0.334661
0.389028
0.443980
0.426577
0.481499
0.356862
0.492203
0.418855
0.401363
0.380667
0.741897
0.362790
0.548455
0.371409
0.455090
0.343264
0.417792
0.595120
0.451520
0.543647
0.408414
0.430204
0.568532
0.485278
0.521191
0.491016
0.739931
0.444875
0.640863
0.575424
0.394617
0.541090
0.387969
0.400695
0.401547
0.470234
0.357902
0.366681
0.404659
0.485389
0.526272
0.471260
0.502664
0.380091
0.414033
0.469459
0.411323
0.575351
0.459970
0.451992
0.360411
0.349115
0.512278
0.411056
0.364780
0.635362
0.379862
0.470493
0.542086
0.370907
0.337169
0.373520
0.363928
0.730231
0.421407
0.391453
0.493664
0.387371
0.408121
0.864739
0.748970
0.421162
0.529371
0.451134
0.341162
0.320488
0.472465
0.501802
0.424143
0.500999
0.705016
0.509740
0.468511
0.503583
0.345534
0.765296
0.360660
0.592992
0.410923
0.431037
0.752973
0.584772
0.583897
0.349849
0.517354
0.413941
0.390343
0.356631
0.414969
0.556654
0.381211
0.511336
0.503638
0.400286
0.442190
0.419786
0.687550
0.435750
0.485838
0.315056
0.368050
0.398547
0.756769
0.334471
0.410555
0.535049
0.389311
0.447227
0.382846
0.373322
0.465283
0.561461
0.365679
0.375147
0.472365
0.403831
0.436135
0.532188
0.445232
0.548191
0.493841
0.494158
0.376521
0.406429
0.451329
0.427837
0.369911
0.345277
0.366591
0.572518
0.475268
0.441515
0.520611
0.519495
0.470332
0.356731
0.491047
0.800653
0.421770
0.384507
0.406015
0.483217
0.348399
0.337442
0.322105
0.322162
0.431583
0.495388
0.510590
0.413277
0.454444
0.385219
0.336507
0.470305
0.626877
0.396845
0.364073
0.407487
0.375574
0.411530
0.433054
0.420505
0.489269
0.471270
0.375217
0.377312
0.386496
0.363556
0.615790
0.374990
0.372112
0.341125
0.486735
0.341898
0.534428
0.386329
0.492985
0.699600
0.632004
0.381696
0.441354
0.383280